210 0 239 225 
211 1 225 226 
212 2 226 227 
213 3 227 228 
214 4 228 229 
215 5 229 230 
216 6 230 231 
217 7 231 232 
218 8 232 233 
219 9 233 234 
220 10 234 235 
221 11 235 236 
222 12 236 237 
223 13 237 238 
224 14 238 239 
0 15 254 240 
1 16 240 241 
2 17 241 242 
3 18 242 243 
4 19 243 244 
5 20 244 245 
6 21 245 246 
7 22 246 247 
8 23 247 248 
9 24 248 249 
10 25 249 250 
11 26 250 251 
12 27 251 252 
13 28 252 253 
14 29 253 254 
15 30 269 255 
16 31 255 256 
17 32 256 257 
18 33 257 258 
19 34 258 259 
20 35 259 260 
21 36 260 261 
22 37 261 262 
23 38 262 263 
24 39 263 264 
25 40 264 265 
26 41 265 266 
27 42 266 267 
28 43 267 268 
29 44 268 269 
30 45 284 270 
31 46 270 271 
32 47 271 272 
33 48 272 273 
34 49 273 274 
35 50 274 275 
36 51 275 276 
37 52 276 277 
38 53 277 278 
39 54 278 279 
40 55 279 280 
41 56 280 281 
42 57 281 282 
43 58 282 283 
44 59 283 284 
45 60 299 285 
46 61 285 286 
47 62 286 287 
48 63 287 288 
49 64 288 289 
50 65 289 290 
51 66 290 291 
52 67 291 292 
53 68 292 293 
54 69 293 294 
55 70 294 295 
56 71 295 296 
57 72 296 297 
58 73 297 298 
59 74 298 299 
60 75 314 300 
61 76 300 301 
62 77 301 302 
63 78 302 303 
64 79 303 304 
65 80 304 305 
66 81 305 306 
67 82 306 307 
68 83 307 308 
69 84 308 309 
70 85 309 310 
71 86 310 311 
72 87 311 312 
73 88 312 313 
74 89 313 314 
75 90 329 315 
76 91 315 316 
77 92 316 317 
78 93 317 318 
79 94 318 319 
80 95 319 320 
81 96 320 321 
82 97 321 322 
83 98 322 323 
84 99 323 324 
85 100 324 325 
86 101 325 326 
87 102 326 327 
88 103 327 328 
89 104 328 329 
90 105 344 330 
91 106 330 331 
92 107 331 332 
93 108 332 333 
94 109 333 334 
95 110 334 335 
96 111 335 336 
97 112 336 337 
98 113 337 338 
99 114 338 339 
100 115 339 340 
101 116 340 341 
102 117 341 342 
103 118 342 343 
104 119 343 344 
105 120 359 345 
106 121 345 346 
107 122 346 347 
108 123 347 348 
109 124 348 349 
110 125 349 350 
111 126 350 351 
112 127 351 352 
113 128 352 353 
114 129 353 354 
115 130 354 355 
116 131 355 356 
117 132 356 357 
118 133 357 358 
119 134 358 359 
120 135 374 360 
121 136 360 361 
122 137 361 362 
123 138 362 363 
124 139 363 364 
125 140 364 365 
126 141 365 366 
127 142 366 367 
128 143 367 368 
129 144 368 369 
130 145 369 370 
131 146 370 371 
132 147 371 372 
133 148 372 373 
134 149 373 374 
135 150 389 375 
136 151 375 376 
137 152 376 377 
138 153 377 378 
139 154 378 379 
140 155 379 380 
141 156 380 381 
142 157 381 382 
143 158 382 383 
144 159 383 384 
145 160 384 385 
146 161 385 386 
147 162 386 387 
148 163 387 388 
149 164 388 389 
150 165 404 390 
151 166 390 391 
152 167 391 392 
153 168 392 393 
154 169 393 394 
155 170 394 395 
156 171 395 396 
157 172 396 397 
158 173 397 398 
159 174 398 399 
160 175 399 400 
161 176 400 401 
162 177 401 402 
163 178 402 403 
164 179 403 404 
165 180 419 405 
166 181 405 406 
167 182 406 407 
168 183 407 408 
169 184 408 409 
170 185 409 410 
171 186 410 411 
172 187 411 412 
173 188 412 413 
174 189 413 414 
175 190 414 415 
176 191 415 416 
177 192 416 417 
178 193 417 418 
179 194 418 419 
180 195 434 420 
181 196 420 421 
182 197 421 422 
183 198 422 423 
184 199 423 424 
185 200 424 425 
186 201 425 426 
187 202 426 427 
188 203 427 428 
189 204 428 429 
190 205 429 430 
191 206 430 431 
192 207 431 432 
193 208 432 433 
194 209 433 434 
195 210 449 435 
196 211 435 436 
197 212 436 437 
198 213 437 438 
199 214 438 439 
200 215 439 440 
201 216 440 441 
202 217 441 442 
203 218 442 443 
204 219 443 444 
205 220 444 445 
206 221 445 446 
207 222 446 447 
208 223 447 448 
209 224 448 449 
