870 0 929 900 
871 1 900 901 
872 2 901 902 
873 3 902 903 
874 4 903 904 
875 5 904 905 
876 6 905 906 
877 7 906 907 
878 8 907 908 
879 9 908 909 
880 10 909 910 
881 11 910 911 
882 12 911 912 
883 13 912 913 
884 14 913 914 
885 15 914 915 
886 16 915 916 
887 17 916 917 
888 18 917 918 
889 19 918 919 
890 20 919 920 
891 21 920 921 
892 22 921 922 
893 23 922 923 
894 24 923 924 
895 25 924 925 
896 26 925 926 
897 27 926 927 
898 28 927 928 
899 29 928 929 
0 30 959 930 
1 31 930 931 
2 32 931 932 
3 33 932 933 
4 34 933 934 
5 35 934 935 
6 36 935 936 
7 37 936 937 
8 38 937 938 
9 39 938 939 
10 40 939 940 
11 41 940 941 
12 42 941 942 
13 43 942 943 
14 44 943 944 
15 45 944 945 
16 46 945 946 
17 47 946 947 
18 48 947 948 
19 49 948 949 
20 50 949 950 
21 51 950 951 
22 52 951 952 
23 53 952 953 
24 54 953 954 
25 55 954 955 
26 56 955 956 
27 57 956 957 
28 58 957 958 
29 59 958 959 
30 60 989 960 
31 61 960 961 
32 62 961 962 
33 63 962 963 
34 64 963 964 
35 65 964 965 
36 66 965 966 
37 67 966 967 
38 68 967 968 
39 69 968 969 
40 70 969 970 
41 71 970 971 
42 72 971 972 
43 73 972 973 
44 74 973 974 
45 75 974 975 
46 76 975 976 
47 77 976 977 
48 78 977 978 
49 79 978 979 
50 80 979 980 
51 81 980 981 
52 82 981 982 
53 83 982 983 
54 84 983 984 
55 85 984 985 
56 86 985 986 
57 87 986 987 
58 88 987 988 
59 89 988 989 
60 90 1019 990 
61 91 990 991 
62 92 991 992 
63 93 992 993 
64 94 993 994 
65 95 994 995 
66 96 995 996 
67 97 996 997 
68 98 997 998 
69 99 998 999 
70 100 999 1000 
71 101 1000 1001 
72 102 1001 1002 
73 103 1002 1003 
74 104 1003 1004 
75 105 1004 1005 
76 106 1005 1006 
77 107 1006 1007 
78 108 1007 1008 
79 109 1008 1009 
80 110 1009 1010 
81 111 1010 1011 
82 112 1011 1012 
83 113 1012 1013 
84 114 1013 1014 
85 115 1014 1015 
86 116 1015 1016 
87 117 1016 1017 
88 118 1017 1018 
89 119 1018 1019 
90 120 1049 1020 
91 121 1020 1021 
92 122 1021 1022 
93 123 1022 1023 
94 124 1023 1024 
95 125 1024 1025 
96 126 1025 1026 
97 127 1026 1027 
98 128 1027 1028 
99 129 1028 1029 
100 130 1029 1030 
101 131 1030 1031 
102 132 1031 1032 
103 133 1032 1033 
104 134 1033 1034 
105 135 1034 1035 
106 136 1035 1036 
107 137 1036 1037 
108 138 1037 1038 
109 139 1038 1039 
110 140 1039 1040 
111 141 1040 1041 
112 142 1041 1042 
113 143 1042 1043 
114 144 1043 1044 
115 145 1044 1045 
116 146 1045 1046 
117 147 1046 1047 
118 148 1047 1048 
119 149 1048 1049 
120 150 1079 1050 
121 151 1050 1051 
122 152 1051 1052 
123 153 1052 1053 
124 154 1053 1054 
125 155 1054 1055 
126 156 1055 1056 
127 157 1056 1057 
128 158 1057 1058 
129 159 1058 1059 
130 160 1059 1060 
131 161 1060 1061 
132 162 1061 1062 
133 163 1062 1063 
134 164 1063 1064 
135 165 1064 1065 
136 166 1065 1066 
137 167 1066 1067 
138 168 1067 1068 
139 169 1068 1069 
140 170 1069 1070 
141 171 1070 1071 
142 172 1071 1072 
143 173 1072 1073 
144 174 1073 1074 
145 175 1074 1075 
146 176 1075 1076 
147 177 1076 1077 
148 178 1077 1078 
149 179 1078 1079 
150 180 1109 1080 
151 181 1080 1081 
152 182 1081 1082 
153 183 1082 1083 
154 184 1083 1084 
155 185 1084 1085 
156 186 1085 1086 
157 187 1086 1087 
158 188 1087 1088 
159 189 1088 1089 
160 190 1089 1090 
161 191 1090 1091 
162 192 1091 1092 
163 193 1092 1093 
164 194 1093 1094 
165 195 1094 1095 
166 196 1095 1096 
167 197 1096 1097 
168 198 1097 1098 
169 199 1098 1099 
170 200 1099 1100 
171 201 1100 1101 
172 202 1101 1102 
173 203 1102 1103 
174 204 1103 1104 
175 205 1104 1105 
176 206 1105 1106 
177 207 1106 1107 
178 208 1107 1108 
179 209 1108 1109 
180 210 1139 1110 
181 211 1110 1111 
182 212 1111 1112 
183 213 1112 1113 
184 214 1113 1114 
185 215 1114 1115 
186 216 1115 1116 
187 217 1116 1117 
188 218 1117 1118 
189 219 1118 1119 
190 220 1119 1120 
191 221 1120 1121 
192 222 1121 1122 
193 223 1122 1123 
194 224 1123 1124 
195 225 1124 1125 
196 226 1125 1126 
197 227 1126 1127 
198 228 1127 1128 
199 229 1128 1129 
200 230 1129 1130 
201 231 1130 1131 
202 232 1131 1132 
203 233 1132 1133 
204 234 1133 1134 
205 235 1134 1135 
206 236 1135 1136 
207 237 1136 1137 
208 238 1137 1138 
209 239 1138 1139 
210 240 1169 1140 
211 241 1140 1141 
212 242 1141 1142 
213 243 1142 1143 
214 244 1143 1144 
215 245 1144 1145 
216 246 1145 1146 
217 247 1146 1147 
218 248 1147 1148 
219 249 1148 1149 
220 250 1149 1150 
221 251 1150 1151 
222 252 1151 1152 
223 253 1152 1153 
224 254 1153 1154 
225 255 1154 1155 
226 256 1155 1156 
227 257 1156 1157 
228 258 1157 1158 
229 259 1158 1159 
230 260 1159 1160 
231 261 1160 1161 
232 262 1161 1162 
233 263 1162 1163 
234 264 1163 1164 
235 265 1164 1165 
236 266 1165 1166 
237 267 1166 1167 
238 268 1167 1168 
239 269 1168 1169 
240 270 1199 1170 
241 271 1170 1171 
242 272 1171 1172 
243 273 1172 1173 
244 274 1173 1174 
245 275 1174 1175 
246 276 1175 1176 
247 277 1176 1177 
248 278 1177 1178 
249 279 1178 1179 
250 280 1179 1180 
251 281 1180 1181 
252 282 1181 1182 
253 283 1182 1183 
254 284 1183 1184 
255 285 1184 1185 
256 286 1185 1186 
257 287 1186 1187 
258 288 1187 1188 
259 289 1188 1189 
260 290 1189 1190 
261 291 1190 1191 
262 292 1191 1192 
263 293 1192 1193 
264 294 1193 1194 
265 295 1194 1195 
266 296 1195 1196 
267 297 1196 1197 
268 298 1197 1198 
269 299 1198 1199 
270 300 1229 1200 
271 301 1200 1201 
272 302 1201 1202 
273 303 1202 1203 
274 304 1203 1204 
275 305 1204 1205 
276 306 1205 1206 
277 307 1206 1207 
278 308 1207 1208 
279 309 1208 1209 
280 310 1209 1210 
281 311 1210 1211 
282 312 1211 1212 
283 313 1212 1213 
284 314 1213 1214 
285 315 1214 1215 
286 316 1215 1216 
287 317 1216 1217 
288 318 1217 1218 
289 319 1218 1219 
290 320 1219 1220 
291 321 1220 1221 
292 322 1221 1222 
293 323 1222 1223 
294 324 1223 1224 
295 325 1224 1225 
296 326 1225 1226 
297 327 1226 1227 
298 328 1227 1228 
299 329 1228 1229 
300 330 1259 1230 
301 331 1230 1231 
302 332 1231 1232 
303 333 1232 1233 
304 334 1233 1234 
305 335 1234 1235 
306 336 1235 1236 
307 337 1236 1237 
308 338 1237 1238 
309 339 1238 1239 
310 340 1239 1240 
311 341 1240 1241 
312 342 1241 1242 
313 343 1242 1243 
314 344 1243 1244 
315 345 1244 1245 
316 346 1245 1246 
317 347 1246 1247 
318 348 1247 1248 
319 349 1248 1249 
320 350 1249 1250 
321 351 1250 1251 
322 352 1251 1252 
323 353 1252 1253 
324 354 1253 1254 
325 355 1254 1255 
326 356 1255 1256 
327 357 1256 1257 
328 358 1257 1258 
329 359 1258 1259 
330 360 1289 1260 
331 361 1260 1261 
332 362 1261 1262 
333 363 1262 1263 
334 364 1263 1264 
335 365 1264 1265 
336 366 1265 1266 
337 367 1266 1267 
338 368 1267 1268 
339 369 1268 1269 
340 370 1269 1270 
341 371 1270 1271 
342 372 1271 1272 
343 373 1272 1273 
344 374 1273 1274 
345 375 1274 1275 
346 376 1275 1276 
347 377 1276 1277 
348 378 1277 1278 
349 379 1278 1279 
350 380 1279 1280 
351 381 1280 1281 
352 382 1281 1282 
353 383 1282 1283 
354 384 1283 1284 
355 385 1284 1285 
356 386 1285 1286 
357 387 1286 1287 
358 388 1287 1288 
359 389 1288 1289 
360 390 1319 1290 
361 391 1290 1291 
362 392 1291 1292 
363 393 1292 1293 
364 394 1293 1294 
365 395 1294 1295 
366 396 1295 1296 
367 397 1296 1297 
368 398 1297 1298 
369 399 1298 1299 
370 400 1299 1300 
371 401 1300 1301 
372 402 1301 1302 
373 403 1302 1303 
374 404 1303 1304 
375 405 1304 1305 
376 406 1305 1306 
377 407 1306 1307 
378 408 1307 1308 
379 409 1308 1309 
380 410 1309 1310 
381 411 1310 1311 
382 412 1311 1312 
383 413 1312 1313 
384 414 1313 1314 
385 415 1314 1315 
386 416 1315 1316 
387 417 1316 1317 
388 418 1317 1318 
389 419 1318 1319 
390 420 1349 1320 
391 421 1320 1321 
392 422 1321 1322 
393 423 1322 1323 
394 424 1323 1324 
395 425 1324 1325 
396 426 1325 1326 
397 427 1326 1327 
398 428 1327 1328 
399 429 1328 1329 
400 430 1329 1330 
401 431 1330 1331 
402 432 1331 1332 
403 433 1332 1333 
404 434 1333 1334 
405 435 1334 1335 
406 436 1335 1336 
407 437 1336 1337 
408 438 1337 1338 
409 439 1338 1339 
410 440 1339 1340 
411 441 1340 1341 
412 442 1341 1342 
413 443 1342 1343 
414 444 1343 1344 
415 445 1344 1345 
416 446 1345 1346 
417 447 1346 1347 
418 448 1347 1348 
419 449 1348 1349 
420 450 1379 1350 
421 451 1350 1351 
422 452 1351 1352 
423 453 1352 1353 
424 454 1353 1354 
425 455 1354 1355 
426 456 1355 1356 
427 457 1356 1357 
428 458 1357 1358 
429 459 1358 1359 
430 460 1359 1360 
431 461 1360 1361 
432 462 1361 1362 
433 463 1362 1363 
434 464 1363 1364 
435 465 1364 1365 
436 466 1365 1366 
437 467 1366 1367 
438 468 1367 1368 
439 469 1368 1369 
440 470 1369 1370 
441 471 1370 1371 
442 472 1371 1372 
443 473 1372 1373 
444 474 1373 1374 
445 475 1374 1375 
446 476 1375 1376 
447 477 1376 1377 
448 478 1377 1378 
449 479 1378 1379 
450 480 1409 1380 
451 481 1380 1381 
452 482 1381 1382 
453 483 1382 1383 
454 484 1383 1384 
455 485 1384 1385 
456 486 1385 1386 
457 487 1386 1387 
458 488 1387 1388 
459 489 1388 1389 
460 490 1389 1390 
461 491 1390 1391 
462 492 1391 1392 
463 493 1392 1393 
464 494 1393 1394 
465 495 1394 1395 
466 496 1395 1396 
467 497 1396 1397 
468 498 1397 1398 
469 499 1398 1399 
470 500 1399 1400 
471 501 1400 1401 
472 502 1401 1402 
473 503 1402 1403 
474 504 1403 1404 
475 505 1404 1405 
476 506 1405 1406 
477 507 1406 1407 
478 508 1407 1408 
479 509 1408 1409 
480 510 1439 1410 
481 511 1410 1411 
482 512 1411 1412 
483 513 1412 1413 
484 514 1413 1414 
485 515 1414 1415 
486 516 1415 1416 
487 517 1416 1417 
488 518 1417 1418 
489 519 1418 1419 
490 520 1419 1420 
491 521 1420 1421 
492 522 1421 1422 
493 523 1422 1423 
494 524 1423 1424 
495 525 1424 1425 
496 526 1425 1426 
497 527 1426 1427 
498 528 1427 1428 
499 529 1428 1429 
500 530 1429 1430 
501 531 1430 1431 
502 532 1431 1432 
503 533 1432 1433 
504 534 1433 1434 
505 535 1434 1435 
506 536 1435 1436 
507 537 1436 1437 
508 538 1437 1438 
509 539 1438 1439 
510 540 1469 1440 
511 541 1440 1441 
512 542 1441 1442 
513 543 1442 1443 
514 544 1443 1444 
515 545 1444 1445 
516 546 1445 1446 
517 547 1446 1447 
518 548 1447 1448 
519 549 1448 1449 
520 550 1449 1450 
521 551 1450 1451 
522 552 1451 1452 
523 553 1452 1453 
524 554 1453 1454 
525 555 1454 1455 
526 556 1455 1456 
527 557 1456 1457 
528 558 1457 1458 
529 559 1458 1459 
530 560 1459 1460 
531 561 1460 1461 
532 562 1461 1462 
533 563 1462 1463 
534 564 1463 1464 
535 565 1464 1465 
536 566 1465 1466 
537 567 1466 1467 
538 568 1467 1468 
539 569 1468 1469 
540 570 1499 1470 
541 571 1470 1471 
542 572 1471 1472 
543 573 1472 1473 
544 574 1473 1474 
545 575 1474 1475 
546 576 1475 1476 
547 577 1476 1477 
548 578 1477 1478 
549 579 1478 1479 
550 580 1479 1480 
551 581 1480 1481 
552 582 1481 1482 
553 583 1482 1483 
554 584 1483 1484 
555 585 1484 1485 
556 586 1485 1486 
557 587 1486 1487 
558 588 1487 1488 
559 589 1488 1489 
560 590 1489 1490 
561 591 1490 1491 
562 592 1491 1492 
563 593 1492 1493 
564 594 1493 1494 
565 595 1494 1495 
566 596 1495 1496 
567 597 1496 1497 
568 598 1497 1498 
569 599 1498 1499 
570 600 1529 1500 
571 601 1500 1501 
572 602 1501 1502 
573 603 1502 1503 
574 604 1503 1504 
575 605 1504 1505 
576 606 1505 1506 
577 607 1506 1507 
578 608 1507 1508 
579 609 1508 1509 
580 610 1509 1510 
581 611 1510 1511 
582 612 1511 1512 
583 613 1512 1513 
584 614 1513 1514 
585 615 1514 1515 
586 616 1515 1516 
587 617 1516 1517 
588 618 1517 1518 
589 619 1518 1519 
590 620 1519 1520 
591 621 1520 1521 
592 622 1521 1522 
593 623 1522 1523 
594 624 1523 1524 
595 625 1524 1525 
596 626 1525 1526 
597 627 1526 1527 
598 628 1527 1528 
599 629 1528 1529 
600 630 1559 1530 
601 631 1530 1531 
602 632 1531 1532 
603 633 1532 1533 
604 634 1533 1534 
605 635 1534 1535 
606 636 1535 1536 
607 637 1536 1537 
608 638 1537 1538 
609 639 1538 1539 
610 640 1539 1540 
611 641 1540 1541 
612 642 1541 1542 
613 643 1542 1543 
614 644 1543 1544 
615 645 1544 1545 
616 646 1545 1546 
617 647 1546 1547 
618 648 1547 1548 
619 649 1548 1549 
620 650 1549 1550 
621 651 1550 1551 
622 652 1551 1552 
623 653 1552 1553 
624 654 1553 1554 
625 655 1554 1555 
626 656 1555 1556 
627 657 1556 1557 
628 658 1557 1558 
629 659 1558 1559 
630 660 1589 1560 
631 661 1560 1561 
632 662 1561 1562 
633 663 1562 1563 
634 664 1563 1564 
635 665 1564 1565 
636 666 1565 1566 
637 667 1566 1567 
638 668 1567 1568 
639 669 1568 1569 
640 670 1569 1570 
641 671 1570 1571 
642 672 1571 1572 
643 673 1572 1573 
644 674 1573 1574 
645 675 1574 1575 
646 676 1575 1576 
647 677 1576 1577 
648 678 1577 1578 
649 679 1578 1579 
650 680 1579 1580 
651 681 1580 1581 
652 682 1581 1582 
653 683 1582 1583 
654 684 1583 1584 
655 685 1584 1585 
656 686 1585 1586 
657 687 1586 1587 
658 688 1587 1588 
659 689 1588 1589 
660 690 1619 1590 
661 691 1590 1591 
662 692 1591 1592 
663 693 1592 1593 
664 694 1593 1594 
665 695 1594 1595 
666 696 1595 1596 
667 697 1596 1597 
668 698 1597 1598 
669 699 1598 1599 
670 700 1599 1600 
671 701 1600 1601 
672 702 1601 1602 
673 703 1602 1603 
674 704 1603 1604 
675 705 1604 1605 
676 706 1605 1606 
677 707 1606 1607 
678 708 1607 1608 
679 709 1608 1609 
680 710 1609 1610 
681 711 1610 1611 
682 712 1611 1612 
683 713 1612 1613 
684 714 1613 1614 
685 715 1614 1615 
686 716 1615 1616 
687 717 1616 1617 
688 718 1617 1618 
689 719 1618 1619 
690 720 1649 1620 
691 721 1620 1621 
692 722 1621 1622 
693 723 1622 1623 
694 724 1623 1624 
695 725 1624 1625 
696 726 1625 1626 
697 727 1626 1627 
698 728 1627 1628 
699 729 1628 1629 
700 730 1629 1630 
701 731 1630 1631 
702 732 1631 1632 
703 733 1632 1633 
704 734 1633 1634 
705 735 1634 1635 
706 736 1635 1636 
707 737 1636 1637 
708 738 1637 1638 
709 739 1638 1639 
710 740 1639 1640 
711 741 1640 1641 
712 742 1641 1642 
713 743 1642 1643 
714 744 1643 1644 
715 745 1644 1645 
716 746 1645 1646 
717 747 1646 1647 
718 748 1647 1648 
719 749 1648 1649 
720 750 1679 1650 
721 751 1650 1651 
722 752 1651 1652 
723 753 1652 1653 
724 754 1653 1654 
725 755 1654 1655 
726 756 1655 1656 
727 757 1656 1657 
728 758 1657 1658 
729 759 1658 1659 
730 760 1659 1660 
731 761 1660 1661 
732 762 1661 1662 
733 763 1662 1663 
734 764 1663 1664 
735 765 1664 1665 
736 766 1665 1666 
737 767 1666 1667 
738 768 1667 1668 
739 769 1668 1669 
740 770 1669 1670 
741 771 1670 1671 
742 772 1671 1672 
743 773 1672 1673 
744 774 1673 1674 
745 775 1674 1675 
746 776 1675 1676 
747 777 1676 1677 
748 778 1677 1678 
749 779 1678 1679 
750 780 1709 1680 
751 781 1680 1681 
752 782 1681 1682 
753 783 1682 1683 
754 784 1683 1684 
755 785 1684 1685 
756 786 1685 1686 
757 787 1686 1687 
758 788 1687 1688 
759 789 1688 1689 
760 790 1689 1690 
761 791 1690 1691 
762 792 1691 1692 
763 793 1692 1693 
764 794 1693 1694 
765 795 1694 1695 
766 796 1695 1696 
767 797 1696 1697 
768 798 1697 1698 
769 799 1698 1699 
770 800 1699 1700 
771 801 1700 1701 
772 802 1701 1702 
773 803 1702 1703 
774 804 1703 1704 
775 805 1704 1705 
776 806 1705 1706 
777 807 1706 1707 
778 808 1707 1708 
779 809 1708 1709 
780 810 1739 1710 
781 811 1710 1711 
782 812 1711 1712 
783 813 1712 1713 
784 814 1713 1714 
785 815 1714 1715 
786 816 1715 1716 
787 817 1716 1717 
788 818 1717 1718 
789 819 1718 1719 
790 820 1719 1720 
791 821 1720 1721 
792 822 1721 1722 
793 823 1722 1723 
794 824 1723 1724 
795 825 1724 1725 
796 826 1725 1726 
797 827 1726 1727 
798 828 1727 1728 
799 829 1728 1729 
800 830 1729 1730 
801 831 1730 1731 
802 832 1731 1732 
803 833 1732 1733 
804 834 1733 1734 
805 835 1734 1735 
806 836 1735 1736 
807 837 1736 1737 
808 838 1737 1738 
809 839 1738 1739 
810 840 1769 1740 
811 841 1740 1741 
812 842 1741 1742 
813 843 1742 1743 
814 844 1743 1744 
815 845 1744 1745 
816 846 1745 1746 
817 847 1746 1747 
818 848 1747 1748 
819 849 1748 1749 
820 850 1749 1750 
821 851 1750 1751 
822 852 1751 1752 
823 853 1752 1753 
824 854 1753 1754 
825 855 1754 1755 
826 856 1755 1756 
827 857 1756 1757 
828 858 1757 1758 
829 859 1758 1759 
830 860 1759 1760 
831 861 1760 1761 
832 862 1761 1762 
833 863 1762 1763 
834 864 1763 1764 
835 865 1764 1765 
836 866 1765 1766 
837 867 1766 1767 
838 868 1767 1768 
839 869 1768 1769 
840 870 1799 1770 
841 871 1770 1771 
842 872 1771 1772 
843 873 1772 1773 
844 874 1773 1774 
845 875 1774 1775 
846 876 1775 1776 
847 877 1776 1777 
848 878 1777 1778 
849 879 1778 1779 
850 880 1779 1780 
851 881 1780 1781 
852 882 1781 1782 
853 883 1782 1783 
854 884 1783 1784 
855 885 1784 1785 
856 886 1785 1786 
857 887 1786 1787 
858 888 1787 1788 
859 889 1788 1789 
860 890 1789 1790 
861 891 1790 1791 
862 892 1791 1792 
863 893 1792 1793 
864 894 1793 1794 
865 895 1794 1795 
866 896 1795 1796 
867 897 1796 1797 
868 898 1797 1798 
869 899 1798 1799 
