42 0 55 49 
43 1 49 50 
44 2 50 51 
45 3 51 52 
46 4 52 53 
47 5 53 54 
48 6 54 55 
0 7 62 56 
1 8 56 57 
2 9 57 58 
3 10 58 59 
4 11 59 60 
5 12 60 61 
6 13 61 62 
7 14 69 63 
8 15 63 64 
9 16 64 65 
10 17 65 66 
11 18 66 67 
12 19 67 68 
13 20 68 69 
14 21 76 70 
15 22 70 71 
16 23 71 72 
17 24 72 73 
18 25 73 74 
19 26 74 75 
20 27 75 76 
21 28 83 77 
22 29 77 78 
23 30 78 79 
24 31 79 80 
25 32 80 81 
26 33 81 82 
27 34 82 83 
28 35 90 84 
29 36 84 85 
30 37 85 86 
31 38 86 87 
32 39 87 88 
33 40 88 89 
34 41 89 90 
35 42 97 91 
36 43 91 92 
37 44 92 93 
38 45 93 94 
39 46 94 95 
40 47 95 96 
41 48 96 97 
